&species
name   = 'i'
prof_type = 0
omn    =    14.797929    
omt    =    28.363991    

mass   =    1.0000000    
temp   =    2.4497815    
dens   =   0.91596662    
charge =  1
/

&species
name   = 'e'
prof_type = 0
omn    =    17.080422    
omt    =    44.418582    

mass   =   0.27244000E-03
temp   =    1.0000000    
dens   =    1.0000000    
charge = -1
/

&species
name   = 'z'
prof_type = 0
omn    =    41.959674    
omt    =    28.363991    

mass   =    6.0000000    
temp   =    2.4497815    
dens   =   0.14005563E-01
charge =  6
/